200000,203,1,0,0
200000,265,2,0,0
200000,266,3,0,0
200000,267,4,0,0
200000,7,5,0,0
200000,8,6,0,0
200000,10002,7,0,0
200000,10000,8,0,0
200000,379,9,0,0
200000,380,10,0,0
200000,381,11,0,0
200000,382,12,0,0
200000,275,13,0,0
200000,383,14,0,0
200000,384,15,0,0
200000,278,16,0,0
200000,385,17,0,0
200000,193,18,0,0
200000,386,19,0,0
200000,194,20,0,0
200000,195,21,0,0
200000,196,22,0,0
200000,197,23,0,0
200000,198,24,0,0
1200000,98,1,0,0
1200000,99,2,0,0
1200000,100,3,0,0
1200000,101,4,0,0
1200000,102,5,0,0
1200000,386,6,0,0
1200000,193,7,0,0
1200000,194,8,0,0
1200000,196,9,0,0
1200000,107,10,0,0
1200000,108,11,0,0
1200000,109,12,0,0
1200000,110,13,0,0
1200000,187,14,0,0
1200000,10002,15,0,0
1200000,10000,16,0,0
1200000,112,17,0,0
1200000,200005,18,0,0
1200000,10001,19,0,0
1200000,10003,20,0,0
1200000,7,22,0,0
1200000,8,23,0,0
1200000,9,24,0,0
1200000,10,27,0,0
1200000,11,28,0,0
1200000,12,29,0,0
1200000,384,30,0,0
1200000,17,34,0,0
1200000,18,35,0,0
1200000,19,36,0,0
1200000,20,37,0,0
1200000,21,38,1,1
2200000,372,1,0,0
2200000,373,2,0,0
2200000,374,3,0,0
2200000,375,4,0,0
2200000,376,5,0,0
2200000,377,6,0,0
2200000,378,7,0,0
2200000,379,8,0,0
2200000,380,9,0,0
2200000,381,10,0,0
2200000,382,11,0,0
2200000,383,12,0,0
2200000,384,13,0,0
2200000,385,14,0,0
2200000,386,15,0,0
2200000,387,16,0,0
2200000,388,17,0,0
2200000,389,18,0,0
2200000,450,19,0,0
2200000,451,20,0,0
2200000,194,22,0,0
2200000,196,23,0,0
2200000,197,24,0,0
2200000,461,30,0,0
2200000,463,32,0,0
2200000,464,33,0,0
2200000,465,34,0,0
